"Bad HTML filtering regexp","Matching HTML tags using regular expressions is hard to do right, and can easily lead to security issues.","warning","This regular expression does not match script end tags like </script >.","/150626_CWE179.py","4","31","4","53"
"Bad HTML filtering regexp","Matching HTML tags using regular expressions is hard to do right, and can easily lead to security issues.","warning","This regular expression does not match script end tags like </script >.","/150627_CWE179.py","4","31","4","53"
"Inefficient regular expression","A regular expression that requires exponential time to match certain inputs can be a performance bottleneck, and may be vulnerable to denial-of-service attacks.","error","This part of the regular expression may cause exponential backtracking on strings containing many repetitions of ' '.","/150516_CWE1333.py","3","76","3","86"
"Clear-text storage of sensitive information","Sensitive information stored without encryption or hashing can expose it to an attacker.","error","This expression stores [[""sensitive data (secret)""|""relative:///151866_CWE732.py:3:33:3:39""]] as clear text.","/151866_CWE732.py","14","28","14","47"
"Clear-text storage of sensitive information","Sensitive information stored without encryption or hashing can expose it to an attacker.","error","This expression stores [[""sensitive data (secret)""|""relative:///151867_CWE732.py:3:33:3:39""]] as clear text.","/151867_CWE732.py","27","28","27","47"
